NDIM=  6, IPS =   4, IRS =   3, ILP =   0
ICP =  [7,1]
NTST=  50, NCOL=   4, IAD =   0, ISP =   0, ISW = 0, IPLT= 0, NBC=7, NINT= 0
NMX=10000, NPR=    0, MXBF=  10, IID =   2, ITMX= 8, ITNW= 5, NWTN= 3, JAC= 0
EPSL= 1e-07, EPSU = 1e-07, EPSS =0.00001
DS  = -0.000001, DSMIN= 1e-10, DSMAX=   0.1, IADS=   1
THL =  {}, THU =  {}
UZSTOP =  {7: 0.0}
RL0 =  -1000.0, RL1 =  20.0, A0  =   0.0, A1  =1000.0
